image: experiment-9-2.pgm
resolution: 0.100000
origin: [-33.800000, -17.800000, 0.000000]
negate: 0
occupied_thresh: 0.65
free_thresh: 0.196

